              precision    recall  f1-score   support

           0       0.34      0.21      0.26       168
           1       0.30      0.15      0.20       230
           2       0.08      0.19      0.11        59
           3       0.03      0.33      0.06        12
           4       0.07      0.52      0.12        27
           5       0.01      0.50      0.01         2
           6       0.50      0.14      0.22       429
           7       0.10      0.26      0.15        35
           8       0.14      0.26      0.19        57
           9       0.39      0.17      0.23       277

    accuracy                           0.18      1296
   macro avg       0.20      0.27      0.15      1296
weighted avg       0.36      0.18      0.21      1296
