              precision    recall  f1-score   support

           0       0.01      0.20      0.02         5
           1       0.15      0.38      0.22        45
           2       0.09      0.25      0.14        51
           3       0.36      0.20      0.25       240
           4       0.01      0.50      0.03         6
           5       0.10      0.62      0.17        29
           6       0.34      0.21      0.26       208
           7       0.43      0.21      0.28       180
           8       0.60      0.13      0.22       475
           9       0.12      0.25      0.16        57

    accuracy                           0.20      1296
   macro avg       0.22      0.29      0.17      1296
weighted avg       0.42      0.20      0.23      1296
