              precision    recall  f1-score   support

           0       0.38      0.16      0.23       239
           1       0.16      0.26      0.20        68
           2       0.02      0.30      0.04        10
           3       0.12      0.39      0.19        41
           4       0.67      0.24      0.35       555
           5       0.04      0.53      0.08        15
           6       0.40      0.18      0.25       278
           7       0.11      0.22      0.15        46
           8       0.10      0.35      0.16        31
           9       0.05      0.46      0.09        13

    accuracy                           0.23      1296
   macro avg       0.21      0.31      0.17      1296
weighted avg       0.46      0.23      0.27      1296
