              precision    recall  f1-score   support

           0       0.34      0.15      0.21       235
           1       0.41      0.17      0.24       274
           2       0.01      0.14      0.01         7
           3       0.25      0.31      0.28       107
           4       0.24      0.27      0.26       184
           5       0.41      0.22      0.29       331
           6       0.07      0.20      0.11        45
           7       0.07      0.60      0.12        10
           8       0.03      0.21      0.05        14
           9       0.17      0.22      0.19        89

    accuracy                           0.21      1296
   macro avg       0.20      0.25      0.18      1296
weighted avg       0.32      0.21      0.24      1296
