              precision    recall  f1-score   support

           0       0.14      0.34      0.20        41
           1       0.32      0.16      0.21       231
           2       0.13      0.53      0.21        34
           3       0.03      0.21      0.05        19
           4       0.39      0.31      0.35       249
           5       0.15      0.59      0.24        46
           6       0.03      0.27      0.06        15
           7       0.13      0.10      0.11       106
           8       0.00      0.00      0.00         0
           9       0.65      0.14      0.23       555

    accuracy                           0.21      1296
   macro avg       0.20      0.26      0.17      1296
weighted avg       0.43      0.21      0.23      1296
